Eve 1               
1 46266U 20059A   22185.52160310  .00000129  00000+0  22808-4 0  9991
2 46266  97.8872  11.0444 0001445  84.4565 275.6830 14.92154106 99650
SAOCOM 1A               
1 43641U 18076A   25114.23307674  .00000884  00000+0  11760-3 0  9992
2 43641  97.8900 301.9908 0001324  91.8598 268.2766 14.82156652354046
SAOCOM 1B               
1 46265U 20059A   25114.19682998  .00000873  00000+0  11621-3 0  9995
2 46265  97.8895 301.0593 0001455  88.7136 271.4244 14.82156739251435
EVE 1A                    
1 43551U 18076A   25114.23307674  .00000884  00000+0  11760-3 0  9992
2 43551  97.8900 301.9908 0001324  91.8598 267.2767 14.82156652354046
elipse                  
1 34641U 18076A   25114.23307674  .00000000  00000+0  00000-0 0  9902
2 34641  97.8900 301.9908 0001324  91.8598 267.2767 14.82156652354046
NEW
1 63178U 25047A   25204.08581125  .00000558  00000-0  92092-4 0  9990
2 63178  97.9550  30.4854 0012287 131.0580 229.1693 14.74154217 19585